17841.675543970872
15631.603019216758
16175.42768747225
15704.946701355731
15631.603019216758
15704.946701355731
18888.026696935398
21409.89701080742
16785.840327417252
15164.499888324974
15164.499888324974
16047.393930766646
15774.449074280108
15429.719461828483
16715.874500503014
16643.303413234302
16715.874500503014
15704.946701355731
15164.499888324974
16047.393930766646
18875.875036472513
18855.579442893046
15234.465715239214
14153.572089177696
14153.572089177696
15429.719461828483
17186.355486619534
16715.874500503014
15704.946701355731
15164.499888324974
17227.59502563458
18807.695925711807
19266.356462315816
19037.290405953514
15164.499888324974
15164.499888324974
17227.59502563458
18807.695925711807
18076.14940990293
19678.404595286927
19278.17691182833
19893.998180583036
21300.03251012288
21534.83383874587
24162.41584731177
25273.77787979775
28195.902325495663
30938.829515479145
34209.67548999537
44505.770393455205
46764.263406178776
47842.00889032845
54382.164452602774
58344.9177101317
56247.00254203799
51600.45058170629
50993.534833790465
49260.38106311081
49508.886665423044
51128.02352780793
49270.93500075536
50273.60237208876
48021.18988990581
46415.09695298712
50243.63625276581
48904.8197972859
45592.751184331166
45519.59624483474
45387.04308651444
43257.830412106785
39531.534124739745
40255.04090961002
40123.87508480965
39407.76645511739
37850.293359844865
34030.35675264778
30687.793885530977
28387.466252384755
26513.013154026517
27843.85242114024
27687.387246688377
27577.98747114266
33917.20937972781
37278.543852200375
33047.89532136576
31159.739137170283
32182.14920325396
31154.897868458516
31033.27686360323
30044.889237603347
23261.124837945295
22945.042905132097
29064.049477140645
28029.02894616319
28479.6994567022
34192.277783749305
38629.69184478814
39100.542684579086
38199.84804508473
37662.23030190952
42267.86919018809
44010.925077479515
40647.59234774965
34582.02555286598
28019.830174410476
25176.79358687991
29214.341760404586
32420.238300742945
30868.863688564903
28916.973917184587
27295.633478092313
28635.47801572285
28916.973917184587
27295.633478092313
26825.152491975794
25343.743706711994
22851.407122300923
21230.066683208643
22549.21157831401
21897.291139659552
19208.211084914088
18737.73009879757
16301.261874978663
13683.091103061177
13142.644290030416
14018.638451630368
13267.792774069481
10178.722840227738
9947.317598963413
10650.307705619342
10109.860892588584
10559.954022787426
11120.788691735861
21493.601463355277
34297.70719910002
33501.13192680446
30868.863688564903
31262.606017047394
32350.272473828703
30938.829515479145
29317.48907638687
27906.04611803731
22970.909436276786
18267.24911268105
