38966.20289340908
42924.612476921684
40992.13022693336
44923.480149520285
42990.77724304273
64578.21420997867
47132.4690156612
36077.35363890471
40912.56403940177
39983.713279740376
37994.15970276931
39952.67249786637
38984.38977168569
36994.836194714626
38953.23866156707
53249.76020657149
52974.918884451254
37104.40815188217
42898.250947079076
38021.440020184236
35995.512686659946
36967.55175388977
39939.49173294508
36013.699564936556
38940.05789664577
39965.526401463765
51564.61583976325
48995.81173050913
41046.6908617632
37013.023072991244
41911.99787570108
39992.80671887867
38984.38977168569
40952.10633416567
44923.480149520285
42000.54717412635
118838.83849241435
142749.3692225602
123100.33979190688
122918.47100914076
137725.8385112211
133947.4033542955
131930.56945990954
136858.2123241348
135918.77005298994
139869.694597954
156688.71987106523
150954.08986950174
137234.29486982175
145704.1375578146
163866.85401218888
159435.47247384457
153352.05898094474
157356.20305360694
170231.85477903966
174444.30253655257
171411.90185747776
158906.69477299758
179323.17964365878
183339.8452191303
194045.64191429838
200992.57108609288
186108.2737490961
182801.98375909842
177129.07619594224
184099.75792071418
191097.12036433746
176709.61319860842
185373.1267512449
200480.81984969755
189666.88636688897
187585.4838713607
186775.35059316756
167954.0037838918
166990.17597544115
154110.8119018003
166633.11422100992
165495.6025385767
164493.84343014722
154485.53821303204
150532.38100912594
172210.80964735788
156934.44381916279
116291.23102463648
79417.33933222036
71816.86014993324
76294.07862903223
66938.94386112665
72284.47624575344
76795.25918909702
59319.22543139072
57772.36726841093
63684.128158468666
71752.43269886792
58978.577118044974
67644.84216480421
64487.3010980259
59110.469819791266
61237.883945628404
55021.76030958411
62860.56614322253
73814.79604775096
84808.56824704328
65139.57632473526
58026.0970595545
56972.21291666999
59928.16845893111
62926.46996782903
57017.680112361515
56963.119477531676
55972.8894086153
61887.49383676582
66897.84378318362
52102.903524332854
49986.04179942551
44026.47450765064
46935.528587040186
43008.96412131934
40992.13022693336
40973.94334865674
38003.25314190762
39952.67249786637
56071.004212883796
53002.19920186617
43063.52475614917
48894.853964874885
39066.23072393044
39965.526401463765
39974.619840602056
41951.540170464985
39002.5766499623
39965.526401463765
49729.18052083331
57863.396961726015
41115.67709698102
37013.023072991244
37966.87938535439
36985.74275557632
42898.250947079076
38021.440020184236
38966.20289340908
40952.10633416567
37013.023072991244
57643.262691006224
