10570.79861419492
9896.136453664507
9885.244932495456
9885.244932495456
10733.818947452446
9896.136453664507
9885.244932495456
9885.244932495456
10733.818947452446
8918.82180835372
9743.490562944387
9885.244932495456
8907.93028718467
8897.038766015621
9743.490562944387
9885.244932495456
9885.244932495456
9885.244932495456
9885.244932495456
9885.244932495456
8907.93028718467
9743.490562944387
9885.244932495456
9885.244932495456
9885.244932495456
11561.12699870298
14369.091818969626
15685.460869992732
11905.223350131322
10884.342620144342
9896.136453664507
8907.93028718467
9743.490562944387
9885.244932495456
9885.244932495456
10733.818947452446
10873.451098975293
10873.451098975293
9896.136453664507
9885.244932495456
10733.818947452446
10873.451098975293
12551.455383211036
15359.420203477683
11905.223350131322
11861.65726545513
10884.342620144342
11724.147331960503
11920.27268862229
12120.150059480364
13304.278504751923
12905.504220659457
13149.880355598103
14294.088742882088
12818.199215771041
14506.632590702733
17294.67675088221
17857.94400153461
18344.208616415784
15988.263211221112
14534.377234459544
14098.00513576139
14594.999257616153
14885.890687194164
14395.215017521745
12855.501398197042
13693.320253029862
14120.642344036496
15719.500928579606
16570.09712519503
17149.02447075413
17204.923583033593
15015.832599743377
15602.883295143325
15546.921144321353
14666.169950383946
14206.595665473073
15481.18509767805
14423.18116934674
12328.175976375349
11748.139795773293
11057.696582498775
13299.069013058113
13737.38076521029
12525.931042167682
12395.195755169774
12568.419850020959
13550.085113882718
12584.219850398022
13301.99197547371
10274.63187140532
14880.811605879908
16119.018648432104
14615.385901606984
11373.267644870246
11916.11690733929
10641.240610853065
11956.245794796056
9998.543873889286
9886.22477730591
10733.818947452446
10873.451098975293
10873.451098975293
9896.136453664507
9885.244932495456
11561.12699870298
10884.342620144342
10873.451098975293
11724.147331960503
10884.342620144342
11724.147331960503
10884.342620144342
10873.451098975293
11724.147331960503
10884.342620144342
10873.451098975293
9896.136453664507
9885.244932495456
9885.244932495456
10733.818947452446
9896.136453664507
9885.244932495456
9885.244932495456
9885.244932495456
9885.244932495456
13215.743101204045
15522.440536735208
14837.167286063685
10373.264878026266
9885.244932495456
9885.244932495456
8907.93028718467
9743.490562944387
8907.93028718467
9743.490562944387
8907.93028718467
9743.490562944387
9885.244932495456
9885.244932495456
8907.93028718467
9743.490562944387
10733.818947452446
10873.451098975293
9896.136453664507
