8130.0651953955
8569.511649850827
9589.194633209017
9699.954690348655
8234.164121677595
8321.953002582033
9699.954690348655
9146.25068455855
9589.194633209017
9251.801679223741
8569.511649850827
9146.25068455855
9589.194633209017
9251.801679223741
9346.666652978125
9822.656008125445
8130.0651953955
8963.077800864914
9251.801679223741
8963.077800864914
9699.954690348655
8234.164121677595
7549.828666492635
8569.511649850827
8685.461494731137
8569.511649850827
9589.194633209017
10162.4361737216
10162.4361737216
9699.954690348655
9589.194633209017
10162.4361737216
10608.877616567204
10714.447885966174
9251.801679223741
9346.666652978125
9822.656008125445
8569.511649850827
9589.194633209017
9251.801679223741
8569.511649850827
8685.461494731137
8963.077800864914
9251.801679223741
8130.0651953955
10183.86147178133
12744.378854628996
12648.243583283584
14079.350510307524
15736.915057302085
17300.684207015685
17377.365348250558
15160.69750052862
13889.266986899935
13039.196789469293
13053.109445103333
13157.904277226851
12253.332492330437
12585.972677932701
13951.579061188055
14504.658840406819
14493.833714041843
14535.268548064723
14905.947480576433
15437.889548407535
16178.80634437495
16365.233966991462
15719.72741034012
16770.92140236989
17867.17340780966
16953.002597816423
17875.069084252045
16833.722419550268
14432.075913635852
15763.737119428679
16104.303067309362
15310.598561362915
14807.400529752686
15314.134885727746
15997.250676931426
15951.001473621936
17019.424610187532
17540.44096439599
16989.37954601856
15040.48768321557
14250.375425812132
15424.61863297551
15432.746549470214
16117.803666691221
15759.440486083078
14165.42115398626
13640.486189110905
14198.161717988032
14157.14431451282
12802.357221047323
12225.996977335626
12173.44774184206
11163.320094182418
11180.347608614456
11842.94819674586
11218.190825470503
11628.560599925395
11283.38684537876
11010.060390619561
13057.042980374206
12859.783764022186
11628.560599925395
12194.807152047702
11283.38684537876
10608.877616567204
12033.551685496886
14467.79024977996
15341.359627848835
14687.609549999961
14326.866432231314
13667.92656664177
14687.609549999961
14776.749832955096
14687.609549999961
14776.749832955096
13760.564343792046
14079.350510307524
15243.36361953685
15243.36361953685
15243.36361953685
13426.730944895817
10268.887943752574
9589.194633209017
9699.954690348655
9146.25068455855
9589.194633209017
10608.877616567204
10714.447885966174
9699.954690348655
9589.194633209017
9699.954690348655
8685.461494731137
9346.666652978125
10268.887943752574
8685.461494731137
9346.666652978125
9822.656008125445
8569.511649850827
9589.194633209017
